0.025193479334760415
0.027793425602537548
0.029864716129199997
0.03139001793962925
0.03564526333122449
0.038167211210968305
0.04224046036381915
0.04525639803444062
0.04918231689878409
0.05487619922521601
0.057354814667163544
0.059339440318233426
0.058741452676644684
0.05777080607000789
0.0544948737726087
0.05055162193314672
0.047111026372121646
0.04190246734900812
0.03794188253442762
0.031433350377425534
0.027290769324100635
0.021501555634516886
0.01843361903853987
0.014490367199077885
0.011387764652863841
0.008553823220986766
0.006300536455579918
0.004584571918847011
0.003371263660551015
0.002695277630928961
0.0018199623874439927
0.0012479742085330237
0.0007799838803331398
0.0004679903281998839
0.0002859940894554846
0.00022532867654068484
0.00015599677606662797
7.799838803331398e-05
2.5999462677771326e-05
1.7332975118514217e-05
2.5999462677771326e-05
0.0
0.0
8.666487559257109e-06
0.0
0.0
0.0
0.0
0.0