0.004471964224286206
0.004365450576863112
0.005803830528148578
0.005245720596355604
0.005348893751519572
0.003860127157129882
0.004103405826836274
0.004787437763309077
0.004757709251101322
0.006001263423878711
0.004684194620731339
0.0039433328465021174
0.004426084390675715
0.006000600060006
0.003498727735368957
0.004457397565575175
0.005702722590139809
0.004963805584281282
0.0045682960255824575
0.005514199062586159
0.005398539218799619
0.0028214429665457475
0.007522331922896097
0.005980861244019139
0.0045662100456621
0.002026342451874367
0.0041265474552957355
0.003780718336483932
0.007712082262210797
0.003215434083601286
0.0
0.0
0.0
0.0
0.0
0.0
0.0
0.0
0.0
0.0
0.0
0
0
0.0
0
0
0
0
0