0.023510981506544567
0.026358096177130374
0.02854943654569724
0.03102603098417305
0.034188630454902724
0.03744424755712445
0.04103705357350486
0.045554609876302055
0.05024967482586324
0.055081165634946104
0.05787944604899859
0.05891271690548944
0.058679397679830214
0.05749962405373939
0.05508736681037891
0.05193794483744394
0.047620376442354645
0.04293771384365907
0.038027158047807964
0.03277941333779818
0.027910715476118498
0.022600183864851582
0.01840818927227656
0.014577413148662328
0.011418689412578155
0.008698698838364813
0.006614328746013807
0.004871023302466982
0.0034145222226873106
0.002446363708240897
0.0016464120774092729
0.0011193121656209934
0.0007402653172908925
0.0004573366881692425
0.0002953309799872566
0.00017440805904759247
0.00010231939464125425
5.813601968253083e-05
3.875734645502055e-05
2.0928967085711097e-05
9.301763149204932e-06
8.526616220104521e-06
5.426028503702877e-06
1.550293858200822e-06
0.0
0.0
7.75146929100411e-07
0.0
0.0