0.006231248557581353
0.005264086578049641
0.00494148950612256
0.005246589716684155
0.005169364712284043
0.005071833726659214
0.005307795470429346
0.004713369293334922
0.004689476444636412
0.004672173827382879
0.004848062783752293
0.004276203257809005
0.004359255492001427
0.00459698836597959
0.004685719110135506
0.004178854993731718
0.004101963082332259
0.004477099994584153
0.004321415467405928
0.004161937192584185
0.003777043352681423
0.003944299629578817
0.003705575206333165
0.0035626927576305435
0.0035299708098567644
0.003564427018356799
0.004101722723543888
0.003341820496499045
0.007037457434733258
0.004119138149556401
0.004708097928436911
0.00554016620498615
0.004188481675392671
0.0
0.0026246719160104987
0.0
0.007575757575757576
0.0
0.0
0.0
0.0
0.0
0.0
0.0
0
0
0.0
0
0