0.011425570883140956
0.01599643188151822
0.019371593601427248
0.022977670790458447
0.02657742152828082
0.031028079953690377
0.03567169514096915
0.040299494200225855
0.046897982811032066
0.053515450775464754
0.05861457044977905
0.06211626119386461
0.06382756624585222
0.06309369790562833
0.0612368844758377
0.057545400195487345
0.053553409482717716
0.04930519749599061
0.043560779798376
0.037686669850980445
0.0325053063109514
0.026223140260586527
0.021607994103747474
0.016926420209215743
0.013086264325457956
0.010182423220606517
0.0074683756520198775
0.005355340948271772
0.0039477055543078385
0.002733026922213119
0.0020497701916598393
0.0012905960466006396
0.0008603973644004264
0.0005693806087943998
0.0003606077189031199
0.00020877288989127994
0.0001581612802206666
8.857031692357331e-05
3.479548164854666e-05
2.2142579230893327e-05
6.326451208826665e-06
3.1632256044133324e-06
6.326451208826665e-06
3.1632256044133324e-06
0.0
0.0
0.0
0.0
0.0