0.01251433934716863
0.018493412590815866
0.021100566621475997
0.02405534118955748
0.02794869120867661
0.030729655508047415
0.038238259116348594
0.04313970869398964
0.04630305558452393
0.05447213821392568
0.05721834045955435
0.06180693155351618
0.0628150311120381
0.060451211457572915
0.06017311502763583
0.05996454270518302
0.0516216498070706
0.04831925470156777
0.04258351583411548
0.03604824973059408
0.03083394166927382
0.02530677512427434
0.019571036256822053
0.015886258560155735
0.013626725066916954
0.010220043800187715
0.007300031285848368
0.005666214759968019
0.003928112072861265
0.003510967427955644
0.0027114401918865365
0.0010428616122640526
0.0007300031285848368
0.0005909549136162964
0.0005561928598741614
0.0002433343761949456
0.00017381026871067542
3.476205374213509e-05
3.476205374213509e-05
3.476205374213509e-05
0.0
0.0
0.0
0.0
0.0
0.0
0.0
0.0
0.0