0.05149501661129568
0.05497330433063081
0.05519268451992162
0.04887114537444934
0.04403713401571054
0.048730757467631766
0.046998315154739734
0.044897959183673466
0.04336975583434507
0.040725854119872326
0.04063680518078791
0.03951723786729134
0.03811081375755774
0.03614759851599318
0.03729531484064259
0.038368513632365875
0.03662138216184288
0.034323474690447164
0.03449277467141094
0.03290246768507638
0.03162709225379525
0.033172496984318456
0.032791684965598006
0.031956643618015326
0.02973168963016679
0.03572538055296676
0.03176620076238882
0.03071470761961016
0.03685897435897436
0.024305555555555556
0.029320987654320986
0.031862745098039214
0.025735294117647058
0.016666666666666666
0.008771929824561403
0.015151515151515152
0.02
0.03571428571428571
0.0
0.0
0.0
0.0
0.0
0.0
0
0
0
0
0