0.06111111111111111
0.03383458646616541
0.04118616144975288
0.04335260115606936
0.043532338308457715
0.04072398190045249
0.04090909090909091
0.0443190975020145
0.044294294294294295
0.03190810465858328
0.02976913730255164
0.032058492688413945
0.03431101272827892
0.025876940770557792
0.03119584055459272
0.030144927536231884
0.024915824915824916
0.033093525179856115
0.030204081632653063
0.037608486017357765
0.03156708004509583
0.04120879120879121
0.021314387211367674
0.0262582056892779
0.015306122448979591
0.03741496598639456
0.02857142857142857
0.012269938650306749
0.017699115044247787
0.019801980198019802
0.038461538461538464
0.03333333333333333
0.0
0.0
0.0
0.0
0.2
0.0
0.0
0.0
0
0
0
0
0
0
0
0
0