1	0.39328911431915725
2	0.12498374300949408
3	0.06710885680842762
4	0.04629990896085317
5	0.029132526986604238
6	0.023149954480426584
7	0.019768500455195733
8	0.015736766809728183
9	0.01430615164520744
10	0.01105475354402393
11	0.009233970607361166
12	0.009494082455455846
13	0.008453635063077123
14	0.00702301989855638
15	0.0072831317466510595
16	0.005332292885940955
17	0.00715307582260372
18	0.005072181037846274
19	0.005852516582130316
20	0.004031733645467551
21	0.005852516582130316
22	0.004031733645467551
23	0.0033814540252308494
24	0.004031733645467551
25	0.002080894784757446
26	0.003251398101183509
27	0.003251398101183509
28	0.0029912862530888282
29	0.002210950708804786
30	0.0029912862530888282
31	0.002601118480946807
32	0.00351150994927819
33	0.002080894784757446
34	0.0033814540252308494
35	0.002080894784757446
36	0.0013005592404734035
37	0.0024710625568994666
38	0.0018207829366627649
39	0.0013005592404734035
40	0.0019508388607101053
41	0.0029912862530888282
42	0.0023410066328521262
43	0.0015606710885680843
44	0.0019508388607101053
45	0.0011705033164260631
46	0.0019508388607101053
47	0.0009103914683313824
48	0.0018207829366627649
49	0.0016907270126154247
50	0.0016907270126154247
51	0.0007803355442840422
52	0.0019508388607101053
53	0.0013005592404734035
54	0.0015606710885680843
55	0.001040447392378723
56	0.001430615164520744
57	0.0006502796202367018
58	0.0011705033164260631
59	0.001040447392378723
60	0.0018207829366627649
61	0.0013005592404734035
62	0.001430615164520744
63	0.001430615164520744
64	0.0007803355442840422
65	0.0015606710885680843
66	0.0015606710885680843
67	0.0006502796202367018
68	0.001040447392378723
69	0.0011705033164260631
70	0.0007803355442840422
71	0.0018207829366627649
72	0.0013005592404734035
73	0.0003901677721420211
74	0.0013005592404734035
75	0.0006502796202367018
76	0.0009103914683313824
77	0.0013005592404734035
78	0.0011705033164260631
79	0.0013005592404734035
80	0.001430615164520744
81	0.0011705033164260631
82	0.0011705033164260631
83	0.0003901677721420211
84	0.0013005592404734035
85	0.001040447392378723
86	0.0009103914683313824
87	0.0005202236961893615
88	0.0007803355442840422
89	0.0015606710885680843
90	0.0009103914683313824
91	0.0009103914683313824
92	0.0011705033164260631
93	0.0009103914683313824
94	0.001040447392378723
95	0.0006502796202367018
96	0.0009103914683313824
97	0.0006502796202367018
98	0.0006502796202367018
99	0.0013005592404734035
100	0.0009103914683313824
101	0.0007803355442840422
102	0.0003901677721420211
103	0.0011705033164260631
104	0.0005202236961893615
105	0.0003901677721420211
106	0.0005202236961893615
107	0.0007803355442840422
108	0.0005202236961893615
109	0.001040447392378723
110	0.001040447392378723
111	0.0003901677721420211
112	0.0005202236961893615
113	0.001430615164520744
114	0.0007803355442840422
115	0.0007803355442840422
116	0.0009103914683313824
117	0.00013005592404734037
118	0.0006502796202367018
119	0.00026011184809468074
120	0.0007803355442840422
121	0.0006502796202367018
122	0.0007803355442840422
123	0.0007803355442840422
124	0.0003901677721420211
125	0.001040447392378723
126	0.0003901677721420211
127	0.0007803355442840422
128	0.0003901677721420211
129	0.0005202236961893615
130	0.0007803355442840422
131	0.0009103914683313824
132	0.0007803355442840422
133	0.0006502796202367018
134	0.0005202236961893615
135	0.0006502796202367018
136	0.0006502796202367018
137	0.001040447392378723
138	0.0003901677721420211
139	0.0007803355442840422
140	0.001040447392378723
141	0.0005202236961893615
142	0.001040447392378723
143	0.0007803355442840422
144	0.001430615164520744
145	0.0009103914683313824
146	0.0011705033164260631
147	0.0005202236961893615
148	0.0006502796202367018
149	0.0009103914683313824
150	0.0011705033164260631
151	0.001040447392378723
152	0.0011705033164260631
153	0.0006502796202367018
154	0.0007803355442840422
155	0.0016907270126154247
156	0.001040447392378723
157	0.0018207829366627649
158	0.0019508388607101053
159	0.0018207829366627649
160	0.002080894784757446
161	0.002861230329041488
162	0.0029912862530888282