1	0.19227177212234414
2	0.08533738034088256
3	0.04821386878356292
4	0.03607284613588606
5	0.02801774457156199
6	0.022881158066775625
7	0.019378939995330375
8	0.019028718188185852
9	0.01505953770721457
10	0.01365865047863647
11	0.014125612888162503
12	0.010389913611954238
13	0.009922951202428204
14	0.010039691804809714
15	0.009222507588139155
16	0.008288582769087088
17	0.00875554517861312
18	0.009689469997665187
19	0.006070511323838431
20	0.009455988792902171
21	0.007004436142890497
22	0.00817184216670558
23	0.006420733130982956
24	0.005486808311930889
25	0.005486808311930889
26	0.005019845902404857
27	0.006654214335745972
28	0.005019845902404857
29	0.004319402288115806
30	0.004903105300023348
31	0.004202661685734298
32	0.004202661685734298
33	0.004903105300023348
34	0.0038524398785897735
35	0.005603548914312398
36	0.0046696240952603316
37	0.0045528834928788234
38	0.0046696240952603316
39	0.0037356992762082653
40	0.003151996264300724
41	0.003268736866682232
42	0.0038524398785897735
43	0.0037356992762082653
44	0.003268736866682232
45	0.002451552650011674
46	0.0025682932523931824
47	0.0037356992762082653
48	0.003618958673826757
49	0.003151996264300724
50	0.0029185150595377072
51	0.0033854774690637406
52	0.004202661685734298
53	0.002801774457156199
54	0.00408592108335279
55	0.002101330842867149
56	0.003268736866682232
57	0.0026850338547746906
58	0.0033854774690637406
59	0.0033854774690637406
60	0.003268736866682232
61	0.003268736866682232
62	0.0023348120476301658
63	0.0025682932523931824
64	0.003151996264300724
65	0.0012841466261965912
66	0.002451552650011674
67	0.0029185150595377072
68	0.003268736866682232
69	0.0014008872285780996
70	0.003151996264300724
71	0.0023348120476301658
72	0.0023348120476301658
73	0.002451552650011674
74	0.0029185150595377072
75	0.0035022180714452487
76	0.001984590240485641
77	0.0026850338547746906
78	0.0026850338547746906
79	0.003268736866682232
80	0.0023348120476301658
81	0.0025682932523931824
82	0.0025682932523931824
83	0.001984590240485641
84	0.0022180714452486577
85	0.0026850338547746906
86	0.0030352556619192153
87	0.001984590240485641
88	0.0017511090357226243
89	0.0023348120476301658
90	0.0023348120476301658
91	0.002801774457156199
92	0.002101330842867149
93	0.0026850338547746906
94	0.0025682932523931824
95	0.0022180714452486577
96	0.001984590240485641
97	0.0029185150595377072
98	0.0012841466261965912
99	0.001634368433341116
100	0.002801774457156199
101	0.001984590240485641
102	0.0029185150595377072
103	0.0023348120476301658
104	0.0015176278309596077
105	0.002451552650011674
106	0.0018678496381041327
107	0.0023348120476301658
108	0.002101330842867149
109	0.0015176278309596077
110	0.0029185150595377072
111	0.001984590240485641
112	0.0018678496381041327
113	0.0018678496381041327
114	0.0009339248190520663
115	0.002101330842867149
116	0.0014008872285780996
117	0.0018678496381041327
118	0.0018678496381041327
119	0.0015176278309596077
120	0.001984590240485641
121	0.0014008872285780996
122	0.0014008872285780996
123	0.0023348120476301658
124	0.002451552650011674
125	0.0025682932523931824
126	0.0017511090357226243
127	0.0017511090357226243
128	0.002451552650011674
129	0.001634368433341116
130	0.0018678496381041327
131	0.002101330842867149
132	0.0022180714452486577
133	0.002451552650011674
134	0.002451552650011674
135	0.0022180714452486577
136	0.0029185150595377072
137	0.0022180714452486577
138	0.002451552650011674
139	0.001984590240485641
140	0.0029185150595377072
141	0.0023348120476301658
142	0.001984590240485641
143	0.002451552650011674
144	0.0038524398785897735
145	0.0025682932523931824
146	0.0023348120476301658
147	0.003268736866682232
148	0.003618958673826757
149	0.003151996264300724
150	0.0033854774690637406
151	0.003151996264300724
152	0.003151996264300724
153	0.0025682932523931824
154	0.004319402288115806
155	0.003969180480971282
156	0.003969180480971282
157	0.004436142890497315
158	0.0030352556619192153
159	0.0045528834928788234
160	0.004436142890497315
161	0.005019845902404857
162	0.0037356992762082653