1	0.404044269597563
2	0.12138931835228925
3	0.06286833927778714
4	0.04325929554395579
5	0.0297579867436129
6	0.02397171154346595
7	0.01876712538460361
8	0.01538414438134309
9	0.01281246651461111
10	0.011220475454253219
11	0.010531633168521438
12	0.008954949714513142
13	0.007929340089090268
14	0.006260810996984402
15	0.006107734933488451
16	0.005862813231894928
17	0.005434200254106266
18	0.005281124190610314
19	0.005128048127114363
20	0.004454513447732178
21	0.003857516800097969
22	0.003765671162000398
23	0.0035666722794556616
24	0.0035207494604068764
25	0.002969675631821452
26	0.0030155984508702374
27	0.0032605201524637593
28	0.003214597333414974
29	0.0027859843556263105
30	0.003107444088967808
31	0.0026329082921303596
32	0.0024798322286344082
33	0.002541062654032789
34	0.0026022930794311694
35	0.002449217015935218
36	0.0018369127619514136
37	0.0021277572825937206
38	0.0024951398349840038
39	0.0019287584000489844
40	0.0019134507936993893
41	0.0016226062730570821
42	0.0018062975492522235
43	0.0017297595175042478
44	0.0016991443048050576
45	0.0015154530286099162
46	0.0019440660063985795
47	0.0013776845714635602
48	0.0017756823365530333
49	0.001469530209561131
50	0.0013776845714635602
51	0.0016991443048050576
52	0.0015307606349595113
53	0.00134706935876437
54	0.0013011465397155847
55	0.0015307606349595113
56	0.0017144519111546527
57	0.0015001454222603211
58	0.00134706935876437
59	0.0014236073905123457
60	0.0012399161143172041
61	0.001469530209561131
62	0.0013776845714635602
63	0.0012552237206667994
64	0.001209300901618014
65	0.0010715324444716579
66	0.0010409172317724677
67	0.0011174552635204434
68	0.0009337639873253019
69	0.0011633780825692286
70	0.0011174552635204434
71	0.001209300901618014
72	0.0012858389333659896
73	0.0009643792000244922
74	0.0010562248381220628
75	0.0011786856889188237
76	0.0009337639873253019
77	0.0008419183492277312
78	0.0011174552635204434
79	0.0010256096254228726
80	0.0011174552635204434
81	0.0007500727111301606
82	0.0009031487746261117
83	0.000949071593674897
84	0.0009796868063740873
85	0.0010409172317724677
86	0.0008113031365285411
87	0.0011021476571708483
88	0.0009949944127236824
89	0.0011633780825692286
90	0.0008572259555773263
91	0.0007500727111301606
92	0.0008878411682765166
93	0.0009031487746261117
94	0.0006276118603333997
95	0.0008878411682765166
96	0.000949071593674897
97	0.0007347651047805655
98	0.0008419183492277312
99	0.0008419183492277312
100	0.0008572259555773263
101	0.000949071593674897
102	0.0010103020190732775
103	0.0007806879238293508
104	0.0008572259555773263
105	0.0008266107428781362
106	0.0010103020190732775
107	0.0007041498920813752
108	0.0007653803174797557
109	0.0008572259555773263
110	0.0005969966476342094
111	0.0006276118603333997
112	0.0006888422857317801
113	0.000795995530178946
114	0.0007347651047805655
115	0.0007806879238293508
116	0.0006429194666829948
117	0.0006276118603333997
118	0.0006888422857317801
119	0.0007194574984309704
120	0.0008113031365285411
121	0.0006888422857317801
122	0.0006888422857317801
123	0.0007653803174797557
124	0.0008419183492277312
125	0.0009031487746261117
126	0.0007653803174797557
127	0.000673534679382185
128	0.0008419183492277312
129	0.0008572259555773263
130	0.000795995530178946
131	0.0009031487746261117
132	0.0007041498920813752
133	0.0007806879238293508
134	0.0007347651047805655
135	0.0008878411682765166
136	0.0007041498920813752
137	0.0008419183492277312
138	0.0009337639873253019
139	0.0008572259555773263
140	0.0007194574984309704
141	0.0008725335619269215
142	0.0010562248381220628
143	0.0007806879238293508
144	0.0009949944127236824
145	0.0011327628698700385
146	0.0009337639873253019
147	0.0009949944127236824
148	0.0009949944127236824
149	0.0010103020190732775
150	0.0011786856889188237
151	0.0011174552635204434
152	0.0010868400508212532
153	0.0012858389333659896
154	0.0012858389333659896
155	0.0013929921778131553
156	0.0015766834540082966
157	0.0015613758476587015
158	0.00203591164449615
159	0.0021277572825937206
160	0.002311448558788862
161	0.00266352350482955
162	0.0034748266413580906