1	0.1722769198880713
2	0.07907555187066018
3	0.04759042387812208
4	0.03571354544512385
5	0.027878536635920822
6	0.02365011918333506
7	0.020644626386154007
8	0.016747849518084775
9	0.015556016167478495
10	0.014146543683283242
11	0.012457249455902167
12	0.011856150896465955
13	0.010881956679448648
14	0.010125401596020314
15	0.00957612187791481
16	0.008798839257954192
17	0.008633018965695927
18	0.007835008809203027
19	0.007803917504404602
20	0.007109545030573116
21	0.0067364493729920195
22	0.006663902995129029
23	0.0067364493729920195
24	0.0063840812519432065
25	0.0057311638511762875
26	0.005979894289563685
27	0.005741527619442429
28	0.005513524717587315
29	0.005119701523473935
30	0.005596434863716447
31	0.0052129754378692095
32	0.004528966732303866
33	0.004715514561094414
34	0.004363146440045601
35	0.004446056586174733
36	0.0035962275883511243
37	0.0043942377448440255
38	0.004166234842988911
39	0.003927868172867654
40	0.004104052233392061
41	0.004176598611255053
42	0.0038864130998030886
43	0.003958959477666079
44	0.0037620478806093894
45	0.0038449580267385223
46	0.0033371333816975854
47	0.0037620478806093894
48	0.0033267696134314435
49	0.003554772515286558
50	0.003803502953673956
51	0.0034096797595605764
52	0.00317131308943932
53	0.003005492797181055
54	0.0033371333816975854
55	0.0032749507721007358
56	0.003057311638511763
57	0.002932946419318064
58	0.003119494248108612
59	0.003005492797181055
60	0.003057311638511763
61	0.002715307285729091
62	0.0028293087366566484
63	0.0030676754067779045
64	0.0028914913462534976
65	0.0024562130790755517
66	0.0025183956886724013
67	0.002715307285729091
68	0.002818944968390507
69	0.002736034822261374
70	0.002673852212664525
71	0.0028914913462534976
72	0.00283967250492279
73	0.0026531246761322415
74	0.002736034822261374
75	0.00283967250492279
76	0.0027049435174629497
77	0.0025287594569385428
78	0.0026634884443983834
79	0.002476940615607835
80	0.0026323971395999586
81	0.00283967250492279
82	0.0026634884443983834
83	0.002673852212664525
84	0.002435485542543269
85	0.0025598507617369676
86	0.00250803192040626
87	0.002373302932946419
88	0.0025287594569385428
89	0.0021556637993574465
90	0.0024251217742771274
91	0.0022282101772204375
92	0.0024562130790755517
93	0.0023940304694787026
94	0.0024665768473416936
95	0.0025909420665353924
96	0.002300756555083428
97	0.002269665250285004
98	0.0023422116281479944
99	0.0025287594569385428
100	0.00231112032334957
101	0.0023629391646802778
102	0.0022800290185511453
103	0.002808581200124365
104	0.002404394237744844
105	0.002331847859881853
106	0.0021453000310913046
107	0.002476940615607835
108	0.0021971188724220127
109	0.0022800290185511453
110	0.0020312985801637477
111	0.0021867551041558713
112	0.0022800290185511453
113	0.0023214840916157115
114	0.0024562130790755517
115	0.0023629391646802778
116	0.0023525753964141363
117	0.002166027567623588
118	0.0025183956886724013
119	0.0021453000310913046
120	0.0021245724945590217
121	0.002238573945486579
122	0.0022903927868172867
123	0.002404394237744844
124	0.0023214840916157115
125	0.002207482640688154
126	0.0024147580060109855
127	0.002435485542543269
128	0.0020520261166960306
129	0.0024458493108094103
130	0.0022800290185511453
131	0.0022800290185511453
132	0.0023940304694787026
133	0.0025183956886724013
134	0.002497668152140118
135	0.001969115970566898
136	0.002269665250285004
137	0.0022282101772204375
138	0.0021971188724220127
139	0.002383666701212561
140	0.0023422116281479944
141	0.002673852212664525
142	0.0026323971395999586
143	0.003005492797181055
144	0.002673852212664525
145	0.002601305834801534
146	0.0027256710539952326
147	0.0029433101875842057
148	0.002953673955850347
149	0.003078039175044046
150	0.0028914913462534976
151	0.003046947870245621
152	0.0032749507721007358
153	0.003958959477666079
154	0.004176598611255053
155	0.0038864130998030886
156	0.004000414550730646
157	0.004155871074722769
158	0.004601513110166856
159	0.0047258783293605555
160	0.00567934500984558
161	0.006922997201782568
162	0.006746813141258161