0.015032732562838439
0.022468277701446698
0.02731754627010426
0.028691505697890567
0.02990382284005496
0.038632506263638566
0.042835205689808455
0.04622969368786874
0.05196799482744686
0.05568576739675099
0.06085832053665239
0.06271720682130445
0.06215145882162774
0.058272043966701687
0.058352865109512646
0.056413157682049624
0.050109108542794795
0.04323931140386325
0.03839004283520569
0.03168188798189606
0.026266871413561786
0.02222581427301382
0.018103935989654894
0.013820415420674049
0.009941000565747999
0.009294431423260325
0.006061585710821951
0.004202699426169886
0.00371777256930413
0.0016972439990301463
0.0015356017134082276
0.0010506748565424714
0.0005657479996767154
0.00024246342843287804
8.082114281095935e-05
8.082114281095935e-05
8.082114281095935e-05
8.082114281095935e-05
0.0
0.0
0.0
0.0
0.0
0.0
0.0
0.0
0.0
0.0
0.0