0.031990521327014215
0.03029790115098172
0.030805687203791468
0.035545023696682464
0.03859174001354096
0.041469194312796206
0.047562626946513205
0.046885578876100203
0.05145565335138795
0.056194989844278946
0.06127285037237644
0.05501015572105619
0.05585646580907244
0.05771834800270819
0.056364251861882195
0.04739336492890995
0.04265402843601896
0.04197698036560596
0.03588354773188896
0.02979011509817197
0.023019634394041977
0.019465132024373732
0.014895057549085985
0.011340555179417738
0.008801624915368992
0.006770480704129994
0.005924170616113744
0.0035545023696682463
0.005247122545700745
0.002200406228842248
0.0016926201760324984
0.0013540961408259986
0.0006770480704129993
0.0
0.00016926201760324982
0.0
0.00016926201760324982
0.0
0.0
0.0
0.0
0.0
0.0
0.0
0.0
0.0
0.0
0.0
0.0