0.022703818369453045
0.018575851393188854
0.025799793601651185
0.030959752321981424
0.03611971104231166
0.03715170278637771
0.04643962848297214
0.05675954592363261
0.0608875128998968
0.05159958720330237
0.05056759545923633
0.058823529411764705
0.06398348813209494
0.04643962848297214
0.05572755417956656
0.053663570691434466
0.038183694530443756
0.047471620227038186
0.038183694530443756
0.04024767801857585
0.02889576883384933
0.030959752321981424
0.01238390092879257
0.01238390092879257
0.006191950464396285
0.011351909184726523
0.006191950464396285
0.0020639834881320948
0.0020639834881320948
0.0020639834881320948
0.0030959752321981426
0.0010319917440660474
0.0
0.0
0.0
0.0
0.0010319917440660474
0.0
0.0
0.0
0.0
0.0
0.0
0.0
0.0
0.0
0.0
0.0
0.0