0.012635006476182613
0.013124388538669948
0.013406547728282764
0.013777819396323002
0.013630420358299832
0.013977249853587715
0.014093859431626356
0.013799033980919232
0.013973266299635636
0.01403035114605175
0.013980594670484717
0.013936336527604875
0.013635707462704904
0.013720912146118118
0.013548216836990054
0.013285891227549234
0.013195211924322867
0.012901171828689488
0.012759273165080446
0.012716338602792296
0.012017822923352996
0.012182591236565489
0.011743912757356397
0.011808846761453396
0.011198515575998328
0.011619437106725056
0.011298817932474088
0.01137212302260846
0.011172094157824124
0.01127383837319566
0.010124370438894028
0.008959446714869538
0.010643503792512846
0.00973141300116777
0.007357449417535254
0.009652509652509652
0.01021209740769835
0.005856515373352855
0.005025125628140704
0.0091324200913242
0.007633587786259542
0.00847457627118644
0.0
0.0
0.125
0.0
0.0
0.0
0.0