0.023508137432188065
0.02531645569620253
0.03616636528028933
0.034358047016274866
0.039783001808318265
0.03074141048824593
0.03616636528028933
0.045207956600361664
0.048824593128390596
0.06871609403254973
0.05605786618444846
0.048824593128390596
0.054249547920433995
0.07233273056057866
0.039783001808318265
0.04701627486437613
0.05605786618444846
0.0433996383363472
0.03616636528028933
0.03616636528028933
0.03074141048824593
0.012658227848101266
0.028933092224231464
0.018083182640144666
0.0108499095840868
0.003616636528028933
0.0054249547920434
0.003616636528028933
0.0054249547920434
0.0018083182640144665
0.0
0.0
0.0
0.0
0.0
0.0
0.0
0.0
0.0
0.0
0.0
0.0
0.0
0.0
0.0
0.0
0.0
0.0
0.0